tensor([0.0054, 0.0024, 0.0032, 0.0118, 0.0080, 0.0069, 0.0065, 0.0078, 0.0737,
        0.0237, 0.0048, 0.0009, 0.0008, 0.0070, 0.0033, 0.0041, 0.0041, 0.0011,
        0.0041, 0.0054, 0.0005, 0.0036, 0.0023, 0.0036, 0.0047, 0.0055, 0.0157,
        0.0217, 0.0135, 0.0094, 0.0191, 0.0089, 0.0725, 0.0163, 0.0050, 0.0018,
        0.0051, 0.0016, 0.0016, 0.0107, 0.0073, 0.0061, 0.0024, 0.0124, 0.0342,
        0.0087, 0.0474, 0.0022, 0.0537, 0.0035, 0.0015, 0.0043, 0.0866, 0.0066,
        0.0155, 0.0019, 0.0016, 0.0031, 0.0003, 0.0019, 0.0019, 0.0011, 0.0089,
        0.0018, 0.0576, 0.0127, 0.0021, 0.0222, 0.0040, 0.0055, 0.0186, 0.0251,
        0.0121, 0.0018, 0.0051, 0.0025, 0.0029, 0.0162, 0.0026, 0.0580, 0.0143,
        0.0137, 0.0000, 0.0000, 0.0000, 0.0000, 0.0000, 0.0000, 0.0000, 0.0000],
       device='cuda:0')

tensor([0.0125, 0.0275, 0.0088, 0.0114, 0.0115, 0.0187, 0.0128, 0.0301, 0.0187,
        0.0133, 0.0095, 0.0163, 0.0155, 0.0155, 0.0301, 0.0381, 0.0153, 0.0105,
        0.0055, 0.0205, 0.0197, 0.0078, 0.0027, 0.0099, 0.0028, 0.0042, 0.0064,
        0.0043, 0.0072, 0.0096, 0.0118, 0.0126, 0.0272, 0.0139, 0.0111, 0.0092,
        0.0071, 0.0048, 0.0071, 0.0157, 0.0231, 0.0171, 0.0140, 0.0128, 0.0191,
        0.0044, 0.0106, 0.0056, 0.0183, 0.0058, 0.0075, 0.0103, 0.0197, 0.0033,
        0.0037, 0.0058, 0.0058, 0.0098, 0.0059, 0.0090, 0.0056, 0.0082, 0.0087,
        0.0091, 0.0181, 0.0169, 0.0061, 0.0218, 0.0115, 0.0112, 0.0208, 0.0195,
        0.0100, 0.0031, 0.0067, 0.0072, 0.0092, 0.0091, 0.0038, 0.0392, 0.0023,
        0.0032, 0.0000, 0.0000, 0.0000, 0.0000, 0.0000, 0.0000, 0.0000, 0.0000],
       device='cuda:0')

tensor([0.0096, 0.0178, 0.0039, 0.0029, 0.0074, 0.0192, 0.0117, 0.0043, 0.0034,
        0.0074, 0.0059, 0.0045, 0.0227, 0.0084, 0.0118, 0.0085, 0.0078, 0.0589,
        0.0021, 0.0081, 0.0220, 0.0052, 0.0029, 0.0113, 0.0028, 0.0072, 0.0058,
        0.0023, 0.0035, 0.0225, 0.0246, 0.0073, 0.0031, 0.0054, 0.0227, 0.0123,
        0.0040, 0.0107, 0.0136, 0.0154, 0.0230, 0.0929, 0.0444, 0.0090, 0.0124,
        0.0090, 0.0074, 0.0085, 0.0073, 0.0145, 0.0066, 0.0051, 0.0216, 0.0034,
        0.0020, 0.0032, 0.0164, 0.0309, 0.0077, 0.0021, 0.0021, 0.0171, 0.0135,
        0.0100, 0.0146, 0.0289, 0.0036, 0.0034, 0.0110, 0.0019, 0.0071, 0.0183,
        0.0266, 0.0078, 0.0235, 0.0110, 0.0158, 0.0041, 0.0076, 0.0083, 0.0039,
        0.0013, 0.0000, 0.0000, 0.0000, 0.0000, 0.0000, 0.0000, 0.0000, 0.0000],
       device='cuda:0')

tensor([0.0089, 0.0279, 0.0452, 0.0329, 0.0460, 0.0364, 0.0171, 0.0242, 0.0105,
        0.0038, 0.0015, 0.0660, 0.0262, 0.0126, 0.0495, 0.0305, 0.0209, 0.0031,
        0.0066, 0.0219, 0.0038, 0.0064, 0.0015, 0.0109, 0.0012, 0.0022, 0.0010,
        0.0011, 0.0083, 0.0061, 0.0072, 0.0063, 0.1041, 0.0114, 0.0043, 0.0045,
        0.0033, 0.0023, 0.0028, 0.0126, 0.0033, 0.0009, 0.0056, 0.0063, 0.0455,
        0.0020, 0.0098, 0.0036, 0.0227, 0.0031, 0.0095, 0.0029, 0.0016, 0.0013,
        0.0013, 0.0068, 0.0081, 0.0016, 0.0008, 0.0122, 0.0016, 0.0039, 0.0067,
        0.0029, 0.0195, 0.0023, 0.0010, 0.0470, 0.0050, 0.0072, 0.0062, 0.0072,
        0.0023, 0.0017, 0.0005, 0.0005, 0.0033, 0.0073, 0.0004, 0.0283, 0.0028,
        0.0009, 0.0000, 0.0000, 0.0000, 0.0000, 0.0000, 0.0000, 0.0000, 0.0000],
       device='cuda:0')

tensor([0.0019, 0.0086, 0.0538, 0.0230, 0.0668, 0.0342, 0.0040, 0.0147, 0.0110,
        0.0109, 0.0019, 0.0245, 0.0142, 0.0025, 0.0638, 0.0242, 0.1325, 0.0038,
        0.0161, 0.0055, 0.0018, 0.0192, 0.0229, 0.0152, 0.0080, 0.0044, 0.0064,
        0.0137, 0.0092, 0.0143, 0.0076, 0.0017, 0.0871, 0.0103, 0.0034, 0.0011,
        0.0029, 0.0011, 0.0024, 0.0042, 0.0037, 0.0005, 0.0112, 0.0064, 0.0130,
        0.0016, 0.0053, 0.0059, 0.0229, 0.0074, 0.0025, 0.0014, 0.0032, 0.0032,
        0.0042, 0.0041, 0.0035, 0.0019, 0.0021, 0.0147, 0.0081, 0.0015, 0.0077,
        0.0033, 0.0176, 0.0036, 0.0039, 0.0230, 0.0070, 0.0045, 0.0013, 0.0060,
        0.0017, 0.0039, 0.0032, 0.0011, 0.0038, 0.0085, 0.0003, 0.0094, 0.0048,
        0.0023, 0.0000, 0.0000, 0.0000, 0.0000, 0.0000, 0.0000, 0.0000, 0.0000],
       device='cuda:0')

tensor([0.0024, 0.0036, 0.0326, 0.0104, 0.0291, 0.0096, 0.0010, 0.0014, 0.0029,
        0.0021, 0.0004, 0.0138, 0.0008, 0.0017, 0.0434, 0.0114, 0.0274, 0.0016,
        0.0101, 0.0109, 0.0014, 0.0086, 0.0246, 0.0203, 0.0095, 0.0060, 0.0073,
        0.0221, 0.0076, 0.0076, 0.0356, 0.0074, 0.0894, 0.0049, 0.0150, 0.0063,
        0.0020, 0.0018, 0.0021, 0.0022, 0.0069, 0.0011, 0.0063, 0.0087, 0.0052,
        0.0021, 0.0142, 0.0061, 0.0206, 0.0073, 0.0104, 0.0022, 0.0025, 0.0193,
        0.0020, 0.0078, 0.0022, 0.0117, 0.0026, 0.1062, 0.0273, 0.0017, 0.0241,
        0.0064, 0.0167, 0.0043, 0.0189, 0.0863, 0.0038, 0.0067, 0.0014, 0.0074,
        0.0017, 0.0105, 0.0065, 0.0019, 0.0017, 0.0058, 0.0008, 0.0067, 0.0056,
        0.0101, 0.0000, 0.0000, 0.0000, 0.0000, 0.0000, 0.0000, 0.0000, 0.0000],
       device='cuda:0')

tensor([0.0052, 0.0080, 0.0038, 0.0033, 0.0006, 0.0014, 0.0094, 0.0092, 0.0663,
        0.0256, 0.0334, 0.0016, 0.0031, 0.0026, 0.0144, 0.0153, 0.0051, 0.0029,
        0.0099, 0.0102, 0.0095, 0.0094, 0.0170, 0.0044, 0.0118, 0.0047, 0.0221,
        0.0367, 0.0206, 0.0032, 0.0070, 0.0052, 0.0139, 0.0133, 0.0027, 0.0069,
        0.0052, 0.0090, 0.0007, 0.0053, 0.0034, 0.0576, 0.0007, 0.0043, 0.0026,
        0.0054, 0.0051, 0.0040, 0.0097, 0.0038, 0.0040, 0.0214, 0.0217, 0.0027,
        0.0056, 0.0105, 0.0020, 0.0129, 0.0099, 0.0020, 0.0042, 0.0016, 0.0078,
        0.0143, 0.0920, 0.0100, 0.0098, 0.0231, 0.0021, 0.0151, 0.0092, 0.0046,
        0.0044, 0.0028, 0.0098, 0.0603, 0.0273, 0.0102, 0.0062, 0.0293, 0.0126,
        0.0141, 0.0000, 0.0000, 0.0000, 0.0000, 0.0000, 0.0000, 0.0000, 0.0000],
       device='cuda:0')

tensor([0.0103, 0.0023, 0.0043, 0.0016, 0.0017, 0.0025, 0.0015, 0.0040, 0.0168,
        0.0077, 0.0045, 0.0018, 0.0005, 0.0007, 0.0097, 0.0081, 0.0082, 0.0016,
        0.0047, 0.0038, 0.0036, 0.0042, 0.0335, 0.0054, 0.0318, 0.0063, 0.0303,
        0.0410, 0.0030, 0.0040, 0.0195, 0.0099, 0.0154, 0.0071, 0.0133, 0.0188,
        0.0104, 0.0042, 0.0020, 0.0017, 0.0119, 0.0152, 0.0041, 0.0193, 0.0018,
        0.0143, 0.0024, 0.0084, 0.0144, 0.0018, 0.0115, 0.0166, 0.0187, 0.0182,
        0.0139, 0.0150, 0.0024, 0.0080, 0.0199, 0.0281, 0.0530, 0.0034, 0.0157,
        0.0466, 0.0171, 0.0055, 0.0478, 0.0195, 0.0035, 0.0051, 0.0046, 0.0054,
        0.0114, 0.0065, 0.0427, 0.0294, 0.0049, 0.0043, 0.0078, 0.0058, 0.0094,
        0.0430, 0.0000, 0.0000, 0.0000, 0.0000, 0.0000, 0.0000, 0.0000, 0.0000],
       device='cuda:0')

tensor([0.0055, 0.0013, 0.0096, 0.0015, 0.0035, 0.0025, 0.0021, 0.0012, 0.0054,
        0.0019, 0.0017, 0.0014, 0.0009, 0.0006, 0.0088, 0.0059, 0.0072, 0.0021,
        0.0050, 0.0025, 0.0027, 0.0092, 0.0812, 0.0066, 0.0444, 0.0076, 0.0232,
        0.0488, 0.0027, 0.0087, 0.0492, 0.0071, 0.0099, 0.0065, 0.0114, 0.0254,
        0.0064, 0.0046, 0.0015, 0.0010, 0.0057, 0.0154, 0.0038, 0.0190, 0.0041,
        0.0094, 0.0020, 0.0084, 0.0318, 0.0029, 0.0175, 0.0102, 0.0068, 0.0175,
        0.0095, 0.0142, 0.0056, 0.0119, 0.0143, 0.0191, 0.0397, 0.0047, 0.0144,
        0.0330, 0.0274, 0.0030, 0.0154, 0.0245, 0.0039, 0.0019, 0.0029, 0.0042,
        0.0179, 0.0095, 0.0532, 0.0215, 0.0041, 0.0040, 0.0030, 0.0060, 0.0144,
        0.0334, 0.0000, 0.0000, 0.0000, 0.0000, 0.0000, 0.0000, 0.0000, 0.0000],
       device='cuda:0')

tensor([1.1528e-04, 2.6084e-03, 9.3675e-02, 1.1029e-02, 4.2896e-02, 2.9449e-02,
        6.7930e-03, 6.9806e-03, 2.5318e-03, 1.7621e-03, 1.4505e-04, 2.0377e-02,
        2.3194e-03, 7.1587e-04, 4.5186e-02, 2.1773e-03, 6.3088e-02, 3.3730e-04,
        1.5713e-02, 6.8304e-03, 9.4936e-04, 7.5648e-02, 3.8658e-02, 3.9247e-03,
        3.3831e-03, 6.5301e-03, 3.2790e-03, 7.0511e-03, 1.5612e-02, 1.0315e-02,
        5.3760e-03, 2.5476e-03, 1.5176e-01, 8.1294e-03, 6.4014e-04, 3.0932e-03,
        3.3249e-03, 1.7588e-03, 1.3062e-03, 6.2230e-04, 1.2782e-03, 1.0858e-05,
        3.3657e-03, 2.2644e-02, 1.0817e-02, 2.5464e-04, 1.4060e-03, 1.6766e-03,
        1.5463e-02, 3.0653e-03, 1.7066e-03, 3.3942e-04, 4.8545e-05, 6.0802e-03,
        3.7549e-03, 1.2158e-03, 1.0930e-03, 2.0403e-04, 4.3370e-04, 8.0191e-02,
        9.9448e-03, 1.6387e-04, 4.8558e-03, 7.5523e-04, 3.2911e-03, 3.3532e-04,
        1.6741e-03, 9.8734e-02, 6.3100e-03, 2.7389e-03, 1.4698e-04, 5.9621e-04,
        4.5103e-04, 1.4428e-03, 6.7430e-04, 1.2253e-03, 8.4749e-04, 4.6865e-03,
        2.4554e-04, 2.4638e-03, 3.6829e-03, 1.0430e-03, 0.0000e+00, 0.0000e+00,
        0.0000e+00, 0.0000e+00, 0.0000e+00, 0.0000e+00, 0.0000e+00, 0.0000e+00],
       device='cuda:0')

tensor([1.5690e-04, 6.1327e-03, 4.0855e-02, 4.0106e-03, 1.9474e-02, 2.3119e-02,
        8.9177e-03, 1.5230e-02, 2.9002e-03, 4.0656e-03, 3.0359e-04, 7.3377e-03,
        1.9149e-03, 1.1162e-03, 4.8650e-02, 1.0783e-03, 4.1645e-02, 3.8233e-04,
        1.0721e-02, 1.0593e-02, 2.1992e-03, 6.5073e-02, 3.7296e-02, 4.5086e-03,
        2.2684e-03, 7.7213e-03, 6.4725e-03, 9.1223e-03, 2.4229e-02, 1.6257e-02,
        5.1070e-03, 6.7678e-03, 1.7182e-01, 1.0450e-02, 1.0050e-03, 6.2612e-03,
        6.8940e-03, 2.5772e-03, 9.1045e-04, 1.1725e-03, 4.5008e-03, 4.8973e-05,
        5.1650e-03, 5.4029e-02, 1.0576e-02, 3.7465e-04, 1.5203e-03, 2.5376e-03,
        9.3080e-03, 2.2905e-03, 8.6615e-04, 6.3386e-04, 3.0591e-04, 3.3557e-02,
        8.4965e-03, 6.4052e-04, 7.2759e-04, 3.0336e-04, 8.9168e-04, 5.0800e-02,
        7.5740e-03, 1.3366e-04, 6.9027e-03, 1.3459e-03, 6.2996e-03, 1.0166e-03,
        4.4842e-03, 1.0415e-01, 3.7696e-03, 3.3269e-03, 3.2691e-04, 1.8479e-03,
        1.1442e-03, 2.5940e-03, 1.3111e-03, 3.5835e-03, 8.0548e-04, 1.1913e-02,
        1.5564e-03, 6.7550e-03, 2.6703e-03, 2.1985e-03, 0.0000e+00, 0.0000e+00,
        0.0000e+00, 0.0000e+00, 0.0000e+00, 0.0000e+00, 0.0000e+00, 0.0000e+00],
       device='cuda:0')

tensor([0.0006, 0.0069, 0.0515, 0.0083, 0.0638, 0.0261, 0.0094, 0.0043, 0.0020,
        0.0013, 0.0004, 0.0103, 0.0023, 0.0022, 0.0265, 0.0017, 0.0305, 0.0009,
        0.0102, 0.0103, 0.0020, 0.0263, 0.0350, 0.0133, 0.0071, 0.0097, 0.0036,
        0.0091, 0.0163, 0.0177, 0.0170, 0.0083, 0.1381, 0.0045, 0.0046, 0.0131,
        0.0089, 0.0050, 0.0026, 0.0016, 0.0036, 0.0003, 0.0042, 0.0303, 0.0179,
        0.0013, 0.0060, 0.0080, 0.0177, 0.0109, 0.0044, 0.0017, 0.0002, 0.0356,
        0.0053, 0.0040, 0.0070, 0.0013, 0.0010, 0.0359, 0.0069, 0.0010, 0.0102,
        0.0034, 0.0093, 0.0011, 0.0054, 0.0940, 0.0035, 0.0051, 0.0013, 0.0036,
        0.0018, 0.0091, 0.0023, 0.0021, 0.0016, 0.0067, 0.0018, 0.0071, 0.0062,
        0.0067, 0.0000, 0.0000, 0.0000, 0.0000, 0.0000, 0.0000, 0.0000, 0.0000],
       device='cuda:0')
